41.0 346.0 91.0 331.0 84.0 311.0 36.0 328.0 car 0
32.0 501.0 64.0 493.0 45.0 422.0 20.0 429.0 freight_car 0
96.0 485.0 86.0 438.0 64.0 444.0 77.0 490.0 car 0
128.0 462.0 118.0 410.0 95.0 414.0 105.0 464.0 car 0
193.0 467.0 218.0 459.0 197.0 401.0 174.0 410.0 car 0
252.0 450.0 276.0 443.0 263.0 382.0 239.0 387.0 car 0
296.0 378.0 320.0 466.0 287.0 472.0 269.0 385.0 truck 0
130.0 318.0 185.0 339.0 192.0 319.0 140.0 300.0 truck 0
162.0 288.0 204.0 316.0 214.0 293.0 173.0 271.0 truck 0
209.0 283.0 275.0 317.0 289.0 293.0 220.0 261.0 truck 0
338.0 377.0 351.0 434.0 328.0 439.0 317.0 383.0 car 0
403.0 359.0 334.0 370.0 330.0 348.0 397.0 336.0 car 0
309.0 282.0 287.0 288.0 271.0 233.0 293.0 227.0 car 0
342.0 275.0 318.0 282.0 303.0 228.0 325.0 223.0 car 0
372.0 254.0 347.0 267.0 322.0 211.0 344.0 203.0 car 0
401.0 242.0 377.0 247.0 361.0 172.0 387.0 166.0 truck 0
416.0 230.0 443.0 228.0 436.0 151.0 409.0 152.0 truck 0
458.0 140.0 435.0 146.0 422.0 86.0 443.0 82.0 truck 0
394.0 370.0 423.0 370.0 423.0 449.0 394.0 449.0 truck 0
455.0 369.0 468.0 445.0 498.0 441.0 483.0 362.0 truck 0
