62.9587 328.3624 52.2015 21.1680 106 car 0
38.5703 461.7628 73.4983 32.9804 14 freight_car 0
81.3115 464.1423 47.9751 22.8035 15 car 0
111.5000 438.0000 53.3683 23.3415 10 car 0
195.1683 434.4649 61.6847 26.2302 19 car 0
257.6398 415.9709 64.3272 24.9232 11 car 0
292.3657 426.0533 91.2068 33.4497 14 truck 0
161.2777 318.6061 58.8727 21.1813 69 truck 0
189.5329 291.9037 50.4730 24.7426 57 truck 0
248.8000 288.4000 76.0263 27.7272 63 truck 0
333.0266 408.1167 58.4637 23.5360 12 car 0
366.5000 353.5000 69.9173 23.6975 100 car 0
290.0000 257.5000 57.6641 22.8003 16 car 0
322.5430 251.6547 56.0446 24.9979 15 car 0
347.3423 233.2668 61.3270 28.1279 24 car 0
382.0123 206.5574 77.2484 26.6796 12 truck 0
426.0000 190.0000 78.7349 27.0707 5 truck 0
440.1052 113.4855 61.3922 23.7490 12 truck 0
408.5000 409.5000 79.0000 29.0000 0 truck 0
475.6554 404.3186 80.4114 30.2196 10 truck 0
